SpecId	Label	lnrSp	deltLCn	deltCn	Xcorr	Sp	IonFrac	Mass	PepLen	Charge1	Charge2	Charge3	enzN	enzC	enzInt	lnNumSP	dM	absdM	Peptide	Proteins
target_000591_2_1	1	4.18965	0.0905245	0.0412244	1.3002	210.5	0.583333	829.99	7	0	1	0	0	0	2	12.0124	0.0275	0.0275	N.QRLKNGN.K	YGR188C
target_000591_3_1	1	1.38629	0.131398	0.0833065	1.5533	414.4	0.340909	1244.48	12	0	0	1	0	0	0	11.9731	-0.644	0.644	P.AAALHTNIIAHN.E	YNL310C
target_000597_2_1	1	5.42935	0.0971034	0.0865976	1.3326	315.3	0.5625	939.81	9	0	1	0	0	0	0	11.8675	0.355	0.355	D.LPPNSINAI.S	YDR421W
target_000597_3_1	1	4.77912	0.0735883	0.062243	1.9215	618.1	0.386364	1409.21	12	0	0	1	0	1	2	11.9512	0.174333	0.174333	D.KLPAPLLQRTDR.F	YKR054C
target_000598_2_1	1	1.60944	0.0878013	0.0199481	1.3485	279.9	0.5625	932.87	9	0	1	0	0	0	0	12.0621	-1.0545	1.0545	E.NNSLGSLTE.E	YPR031W
target_000598_3_1	1	4.89035	0.0621285	0.0462963	1.7496	242.4	0.333333	1398.8	13	0	0	1	0	0	1	11.9356	0.0523333	0.0523333	H.VPDSLLQSKLAVQ.E	YMR029C
target_000599_2_1	1	5.01064	0.0275635	0.0266967	1.1537	163.8	0.642857	1104.51	8	0	1	0	0	1	0	12.0249	-0.324	0.324	H.TYNNYHHR.E	YPL055C
target_000599_3_1	1	5.743	0.0361934	0.0273478	1.3566	185.8	0.303571	1656.26	15	0	0	1	0	0	0	11.9453	-0.205667	0.205667	N.AKPSQINTLNNELTL.I	YBR019C
target_000600_2_1	1	2.83321	0.106792	0.0978733	1.3119	246.9	0.5625	959.17	9	0	1	0	0	0	1	12.0241	1.0445	1.0445	E.GLPVKGPEC.I	YDL227C
target_000600_3_1	1	4.30407	0.156363	0.150667	2.0542	320.9	0.354167	1438.25	13	0	0	1	0	0	0	11.9525	0.162667	0.162667	S.SFLLLPSFSSLLL.P	YKL202W
target_000602_2_1	1	2.94444	0.0486588	0.0353504	1.4427	314.2	0.625	920.75	9	0	1	0	0	0	0	12.0344	0.3715	0.3715	P.QDSIASVLS.P	YOL051W
target_000602_3_1	1	0	0.0707937	0.0126077	2.205	584.8	0.4375	1380.62	13	0	0	1	1	0	1	11.9415	0.656	0.656	R.FTKVEALGSLISL.L	YMR253C
target_000605_2_1	1	4.2485	0.132949	0.000720807	1.2486	186.9	0.409091	1164.75	12	0	1	0	0	0	2	11.9729	-0.85	0.85	V.PPLKKVVAGLGS.L	YDR120C
target_000605_3_1	1	1.38629	0.230471	0.164845	2.2415	437.9	0.375	1746.62	15	0	0	1	0	0	1	11.962	-0.828667	0.828667	D.FNRFVIILLVQAVTD.S	YMR125W
target_000606_2_1	1	5.03044	0.0765842	0.0698068	1.4755	194.7	0.5	1102.19	10	0	1	0	0	1	1	11.9789	-1.055	1.055	K.PPRIGHGLTR.V	YOR017W
target_000606_3_1	1	2.07944	0.142584	0.137783	1.9371	419.6	0.365385	1652.78	14	0	0	1	0	0	1	11.9437	-0.108	0.108	V.FQTILKLVIFVAIF.G	YGL022W
target_000608_2_1	1	5.99396	0.154102	0.0898299	1.3225	188.8	0.571429	909.93	8	0	1	0	0	1	0	11.903	0.964	0.964	E.QNFNVSAK.V	YML117W
target_000608_3_1	1	3.4012	0.0269191	0.00878864	1.6271	377.5	0.386364	1364.39	12	0	0	1	1	0	1	11.9732	-0.709	0.709	K.RNLNISFSSISQ.F	YNL297C
target_000609_2_1	1	2.83321	0.0374271	0.0225225	1.5096	355.7	0.833333	825.07	7	0	1	0	0	0	1	11.8311	-0.435	0.435	S.KAHLEVE.T	YLL058W
target_000609_3_1	1	3.04452	0.106282	0.039403	1.6014	367.8	0.375	1237.1	11	0	0	1	0	0	1	11.9604	-0.130333	0.130333	L.KGCLTILIGYV.I	YDL237W
target_000610_2_1	1	2.77259	0.101098	0.0786017	1.4847	379.6	0.625	915.61	9	0	1	0	0	0	1	11.9868	-1.2865	1.2865	I.KLIMSGIVG.E	YGL159W
target_000610_3_1	1	5.01064	0.0396825	0.012328	1.89	318	0.386364	1372.91	12	0	0	1	0	0	1	11.9643	0.13	0.13	G.ILSPDYKEHAQA.V	YOR355W
target_000612_2_1	1	1.09861	0.136837	0.1314	2.1522	589.8	0.722222	1087.85	10	0	1	0	1	1	0	11.9986	-0.171	0.171	R.GMAGGQHHHR.I	YGL103W
target_000612_3_1	1	5.35186	0.0931388	0.0453498	2.2139	422.5	0.339286	1631.27	15	0	0	1	0	0	0	11.9715	-0.183333	0.183333	P.SKPESSVLQLIVSED.H	YPR070W
target_000614_2_1	1	5.81114	0.0391397	0.0194601	1.3669	299.1	0.666667	907.23	7	0	1	0	1	1	1	11.9972	0.5925	0.5925	K.KDEIMNR.I	YOR017W
target_000614_3_1	1	3.2581	0.113918	0.095058	1.983	688.6	0.458333	1360.34	13	0	0	1	0	0	1	11.9837	-0.07	0.07	M.EQQTISIAKAGIT.T	YLR274W
target_000615_2_1	1	0	0.103618	0.10084	1.4399	360.4	0.714286	967.41	8	0	1	0	1	1	2	11.8902	1.1145	1.1145	K.KKVYTTPK.K	YLR167W
target_000615_3_1	1	5.31321	0.031195	0.0148931	1.9875	374	0.375	1450.61	13	0	0	1	0	1	2	11.9672	-0.00933333	0.00933333	S.DITARGESGLKFR.E	YMR005W
target_000616_2_1	1	4.65396	0.119474	0.0665629	1.4137	289.3	0.5625	1001.39	9	0	1	0	0	0	2	11.9862	-0.4275	0.4275	S.ALKVAQPKF.Q	YHR108W
target_000616_3_1	1	5.80513	0.0991233	0.0221268	1.6767	371.6	0.333333	1501.58	13	0	0	1	0	0	0	11.956	-0.995	0.995	F.YDSPQEDMGYDIA.N	YJL216C
target_000617_2_1	1	5.61313	0.109137	0.104976	1.1536	189.6	0.5	1049.27	8	0	1	0	0	0	0	12.0075	1.0525	1.0525	I.HLQQLTCF.S	gi|27371164|gb|AAH41070.1|
target_000617_3_1	1	5.73979	0.0225342	0.00548608	1.6952	320	0.333333	1573.4	13	0	0	1	0	0	1	11.9626	-0.780667	0.780667	A.FESMLNAEFHGRH.M	YDR011W	YNR070W
target_000618_2_1	1	3.46574	0.0715694	0.0181388	1.5216	405.9	0.6875	986.67	9	0	1	0	0	0	1	11.9659	-0.751	0.751	S.FKSAPIPDL.Q	YGL214W
target_000618_3_1	1	2.3979	0.109796	0.103566	2.0866	540	0.384615	1479.5	14	0	0	1	0	0	2	11.9543	0.579333	0.579333	S.KFDKIPMAAASIGQ.V	YGL119W
target_000620_2_1	1	6.04501	0.157577	0.0992399	1.6576	280.8	0.625	899.33	9	0	1	0	0	0	0	11.8994	-0.817	0.817	V.QDQPSVAVG.S	YNL248C
target_000620_3_1	1	4.27667	0.117311	0.0703456	1.9589	411.4	0.363636	1348.49	12	0	0	1	0	0	0	11.9904	0.321333	0.321333	D.SFDMASLTNIFT.C	YKR054C
target_000621_2_1	1	4.62497	0.115551	0.0924022	1.5465	421.9	0.75	837.53	7	0	1	0	0	1	0	11.9429	0.3235	0.3235	F.QGSQNFR.L	YOL010W
target_000621_3_1	1	4.66344	0.0338274	0.0149375	1.7205	428.3	0.4	1255.79	11	0	0	1	1	0	0	11.9391	-0.516333	0.516333	K.SDFLDEPSAYL.I	YAR031W
target_000622_2_1	1	4.15888	0.0392926	0.0317585	1.9113	388	0.6875	874.91	9	0	1	0	0	1	1	12.0664	-0.0515	0.0515	E.KLSSSPGAK.S	YHR082C
target_000622_3_1	1	4.21951	0.0728697	0.0593046	2.042	344.5	0.354167	1311.86	13	0	0	1	0	0	0	11.9231	-0.188333	0.188333	N.NAAITFAGSQGQF.E	YPL262W
target_000623_2_1	1	5.3799	0.0267581	0.0191788	1.5173	171.2	0.642857	872.71	8	0	1	0	1	1	1	11.967	0.3285	0.3285	K.KIPDALSK.T	YMR283C
target_000623_3_1	1	0.693147	0.119806	0.0175728	2.1226	406.4	0.4375	1308.56	13	0	0	1	0	0	1	11.9481	0.341667	0.341667	A.FGALIGAGLSSKW.G	YIL120W
target_000624_2_1	1	5.49306	0.0995655	0.0178223	1.5879	171.7	0.5625	927.17	9	0	1	0	0	0	0	11.8717	-0.4695	0.4695	P.MLNSFMGAG.N	YDL100C
target_000624_3_1	1	0	0.0546953	0.0202501	2.0148	327	0.395833	1390.25	13	0	0	1	0	0	1	11.9851	-0.44	0.44	N.ERARPASGISSFL.N	YNL116W
target_000626_2_1	1	0	0.136845	0.127237	2.5708	1164.9	1	867.13	7	0	1	0	1	1	1	11.8792	0.0685	0.0685	K.KLEDHPK.F	YBR118W	YPR080W
target_000626_3_1	1	2.77259	0.130871	0.117474	1.9034	325.3	0.3125	1300.19	13	0	0	1	1	0	1	11.9537	0.869667	0.869667	K.KPIAGASDALKLL.N	YKR070W
target_000628_2_1	1	1.38629	0.0263998	0.021237	1.8788	469.8	0.8125	904.33	9	0	1	0	0	0	1	12.0628	0.181	0.181	L.KGASGEVQQ.R	YER166W
target_000628_3_1	1	6.16331	0.0450271	0.0238909	2.1054	270.8	0.354167	1355.99	13	0	0	1	0	0	0	11.9391	-0.911667	0.911667	I.LLLFIIMLGGGPN.H	YPL265W
target_000629_2_1	1	4.82028	0.106246	0.0634857	1.7563	320.2	0.642857	983.77	8	0	1	0	0	1	0	11.8759	0.307	0.307	L.QEIPQVLR.D	YDR251W
target_000629_3_1	1	5.66296	0.0815717	0.0768527	2.0767	321.2	0.333333	1475.15	13	0	0	1	0	0	0	11.9791	-0.447667	0.447667	E.YSDFINDSGETVE.F	Q0250
target_000632_2_1	1	2.99573	0.132924	0.112909	1.4339	340.8	0.75	897.27	7	0	1	0	0	1	2	11.8549	0.101	0.101	V.HLSKKQR.K	YLR002C
target_000632_3_1	1	4.14313	0.0573055	0.0192464	1.8445	285.2	0.333333	1345.4	13	0	0	1	1	0	0	11.9783	0.0393333	0.0393333	K.GQHGQSSGEENTN.G	YOR211C
target_000633_2_1	1	3.3673	0.051435	0.0511838	1.5923	527.7	0.785714	861.93	8	0	1	0	1	0	0	12.0812	0.4935	0.4935	R.QGNTITVQ.T	YNL322C
target_000633_3_1	1	5.1299	0.104732	0.0481472	2.2992	411.8	0.431818	1292.39	12	0	0	1	0	0	3	11.978	-0.0293333	0.0293333	G.KRSSTGSSLKQL.F	YBL009W
target_000634_2_1	1	4.56435	0.192506	0.164621	1.8576	228.2	0.625	997.11	9	0	1	0	0	1	0	11.8587	0.006	0.006	A.NFTAYGAPR.I	YDR120C
target_000634_3_1	1	6.13556	0.0510255	0.0250855	1.9892	231.2	0.326923	1495.16	14	0	0	1	0	0	3	11.9397	-0.892	0.892	L.STGGMKLSKALYKL.E	YIL159W
target_000635_2_1	1	3.09104	0.0391161	0.0380348	2.127	535.8	0.666667	1033.63	10	0	1	0	0	1	1	12.0283	-0.247	0.247	L.ADGKCLNGAK.Y	YCR099C
target_000635_3_1	1	3.78419	0.033909	0.0240331	2.0555	507.6	0.403846	1549.94	14	0	0	1	0	0	0	11.9605	0.400333	0.400333	D.FGINNQPTQPGVIY.Y	YJL144W
target_000636_2_1	1	4.64439	0.153922	0.100985	1.5131	193.1	0.5	1117.53	10	0	1	0	0	0	1	12.011	1.1495	1.1495	T.KNVQFSYGTA.G	YEL058W
target_000636_3_1	1	4.63473	0.0133546	0.00888592	1.9469	345	0.321429	1675.79	15	0	0	1	0	1	0	11.9633	-0.658333	0.658333	Q.NALSESSDPYDTHLK.A	YGR084C
target_000638_2_1	1	4.30407	0.0603826	0.0594232	1.6677	545.3	0.833333	849.87	7	0	1	0	0	1	2	12.0501	0.4475	0.4475	E.QTSEKKK.I	YOR188W
target_000638_3_1	1	5.70044	0.0946585	0.0588844	2.0294	473.2	0.444444	1274.3	10	0	0	1	0	0	3	11.9839	-0.418333	0.418333	F.KLRRTMTLQQ.R	YKR050W
target_000639_2_1	1	5.71043	0.073501	0.070922	1.551	220.7	0.571429	809.75	8	0	1	0	0	0	1	11.8955	0.443	0.443	G.VSAKSTSE.S	YPL211W
target_000639_3_1	1	6.1203	0.0248092	0.011328	2.1363	229.7	0.35	1214.12	11	0	0	1	0	0	1	11.932	0.994	0.994	Q.KQDEADSSDES.S	YCL054W
target_000642_2_1	1	0.693147	0.0131838	0.00817276	1.6763	416	0.833333	854.99	7	0	1	0	0	1	1	11.7987	0.4735	0.4735	F.RNVVIPR.E	YGL205W
target_000642_3_1	1	0	0.19937	0.0183486	2.4743	567	0.454545	1281.98	12	0	0	1	0	1	1	11.9268	0.832667	0.832667	I.KDPQTGAPVPLR.A	YNR016C
target_000644_2_1	1	3.89182	0.0281464	0.0109696	1.8688	563.3	0.714286	847.11	8	0	1	0	0	0	2	12.0906	0.074	0.074	N.KITGNGRT.T	YDR217C
target_000644_3_1	1	6.03548	0.0265855	0.0181634	1.971	302.1	0.325	1270.16	11	0	0	1	0	0	1	11.9222	0.849	0.849	T.KLPLPLIVEMN.R	YBL011W
target_000645_2_1	1	1.79176	0.310036	0.277598	2.5926	670.7	0.8125	1059.77	9	0	1	0	1	1	1	12.0066	0.3245	0.3245	R.VSTQHEKET.-	YGL008C
target_000645_3_1	1	4.7362	0.0662545	0.0571191	2.1674	382	0.333333	1589.15	13	0	0	1	0	0	3	11.9698	0.455333	0.455333	Y.RFAKSGWQNSIRH.N	YNL068C
target_000646_2_1	1	5.30827	0.108937	0.107921	1.477	200.7	0.409091	1084.05	12	0	1	0	0	0	0	11.9064	0.8825	0.8825	Y.DAIVIGAGVIGP.C	YGR175C
target_000646_3_1	1	4.14313	0.099809	0.063807	2.1471	433.7	0.35	1625.57	16	0	0	1	0	0	1	11.9381	0.332667	0.332667	S.ANNDSDDSNDKLAASS.S	YDL048C
target_000647_2_1	1	3.43399	0.0116951	0.00149589	1.4707	310.1	0.611111	1159.69	10	0	1	0	0	0	1	11.9954	0.6305	0.6305	Y.FQSVVPVRLL.I	YJR118C
target_000647_3_1	1	4.70953	0.135789	0.134009	2.1909	313.9	0.316667	1739.03	16	0	0	1	0	0	1	11.9338	0.725333	0.725333	H.TMELHSSFNGKHSSSS.T	YGR070W
target_000648_2_1	1	4.09434	0.0518286	0.0308603	1.4355	202.3	0.5	1136.61	12	0	1	0	0	0	1	11.964	-0.814	0.814	Q.SSANGATPMSKS.S	YBR214W
target_000648_3_1	1	5.84644	0.0465676	0.00654039	1.9112	206.4	0.316667	1704.41	16	0	0	1	0	0	0	11.969	-0.811333	0.811333	T.FSSSISTYISTDELVG.S	YBL018C
target_000650_2_1	1	2.89037	0.0205204	0.0197157	1.4912	291.8	0.642857	883.19	8	0	1	0	0	0	0	11.8416	-0.8875	0.8875	I.EAKPQSPQ.S	YDR499W
target_000650_3_1	1	5.84932	0.146021	0.0958038	2.4832	221.5	0.35	1324.28	11	0	0	1	1	0	2	11.9386	-0.464333	0.464333	K.KMHDMIAIPRL.Y	YMR258C
target_000651_2_1	1	5.0626	0.0458895	0.0251273	1.7869	341	0.666667	843.87	7	0	1	0	0	0	1	11.9281	-0.538	0.538	D.EKFHVGQ.T	YGR227W
target_000651_3_1	1	2.63906	0.105083	0.090722	2.0403	439	0.384615	1265.3	14	0	0	1	0	1	1	11.9666	-0.694667	0.694667	T.AGNGTGGKSIYGGK.F	YDR155C
target_000652_2_1	1	2.63906	0.0928549	0.00654882	1.8782	421.3	0.75	841.63	7	0	1	0	0	1	1	11.8392	0.339	0.339	A.SIDSYKK.H	YLR178C
target_000652_3_1	1	5.39363	0.102775	0.0689999	2.2087	300.5	0.375	1261.94	13	0	0	1	0	0	0	11.9915	0.860333	0.860333	I.EAGLNAGVSDVVQ.L	YFL007W
target_000653_2_1	1	5.64545	0.0622872	0.00620869	1.4979	149.9	0.5	955.11	9	0	1	0	0	0	0	11.854	-0.425	0.425	H.SDAANHNNI.G	YGL071W
target_000653_3_1	1	3.89182	0.0666213	0.0545304	2.0594	290.6	0.395833	1432.16	13	0	0	1	0	0	0	11.9812	-0.427667	0.427667	N.MESQEFSASSTDN.K	YGR067C
target_000654_2_1	1	6.14847	0.069696	0.0483267	1.6285	171.4	0.5625	1069.01	9	0	1	0	0	1	1	11.8896	-1.1475	1.1475	S.KDVINLIQK.E	YLR139C
target_000654_3_1	1	2.07944	0.100551	0.0768383	2.0875	359.6	0.357143	1603.01	15	0	0	1	0	0	1	11.9632	-0.912667	0.912667	V.GQSLDYNSGLRQGPL.A	YAL051W
target_000656_2_1	1	5.36598	0.06	0.01026	2.115	429.2	0.714286	806.19	8	0	1	0	0	0	0	12.0576	-0.287	0.287	S.EGGSSNQQ.Q	YLR182W
target_000656_3_1	1	3.2581	0.00710312	0.00556269	2.337	608.4	0.475	1208.78	11	0	0	1	0	1	0	11.9489	-0.157333	0.157333	N.QETETATTAEK.E	YIL097W
target_000657_2_1	1	4.79579	0.0951357	0.0889036	1.8132	176.9	0.6875	947.49	9	0	1	0	0	1	1	12.0587	0.184	0.184	T.KVDPFAAAK.A	YBR298C
target_000657_3_1	1	5.9135	0.10207	0.0779183	2.0868	185.2	0.318182	1420.73	12	0	0	1	1	1	0	11.9715	-0.274	0.274	R.WIQDADALFGER.L	YJL026W
target_000658_2_1	1	5.80212	0.0536049	0.0477365	2.0278	301.7	0.642857	879.17	8	0	1	0	0	0	2	11.9844	0.5555	0.5555	S.KFKVLDAG.G	YHR005C
target_000658_3_1	1	5.55296	0.0975309	0.0767677	2.673	474.7	0.386364	1318.25	12	0	0	1	0	0	0	11.9934	-0.0586667	0.0586667	S.NSTSLDILVNNQ.K	YOR127W
target_000659_2_1	1	6.06843	0.039864	0.0122523	1.7058	247.6	0.5625	952.05	9	0	1	0	0	0	0	11.9414	-0.0015	0.0015	Q.ITSSITSSR.P	YAR050W	YHR211W
target_000659_3_1	1	1.94591	0.0289251	0.0176251	2.5929	993.8	0.522727	1427.57	12	0	0	1	0	1	2	11.9355	0.334667	0.334667	P.ESSSEKEKFVQK.R	YNL201C
target_000660_2_1	1	3.13549	0.0970607	0.0756843	1.3847	267.2	0.5625	1081.87	9	0	1	0	0	0	0	11.9164	-0.681	0.681	I.EWVANGIFF.N	YMR169C
target_000660_3_1	1	2.63906	0.0855158	0.0597376	1.9435	443.6	0.346154	1622.3	14	0	0	1	0	0	0	11.9488	0.127	0.127	V.YLSGALYALGFWIF.L	YOL129W
target_000663_2_1	1	1.94591	0.0665901	0.0241847	1.8276	436	0.722222	937.79	10	0	1	0	0	1	0	11.9375	-0.6115	0.6115	D.FTDGTGVGGK.S	YHR057C
target_000663_3_1	1	4.91265	0.0884155	0.0673724	2.3333	296.5	0.386364	1406.18	12	0	0	1	0	0	1	11.9787	-0.0923333	0.0923333	T.HAGSWYSNRAQE.L	YJR008W
target_000664_2_1	1	2.07944	0.0286998	0.0064027	1.7805	264.8	0.545455	1127.31	12	0	1	0	0	0	0	11.9004	1.043	1.043	V.VAGYSTTVGAAQ.Y	YNL327W
target_000664_3_1	1	5.00395	0.0359388	0.0210163	2.0841	273.1	0.346154	1690.46	14	0	0	1	0	0	1	11.9633	0.243333	0.243333	V.TPEYYKNEEETSQA.L	YOR317W
target_000665_2_1	1	2.48491	0.0349762	0.0124129	1.6354	378.2	0.666667	1115.35	10	0	1	0	0	0	2	11.9759	-0.0045	0.0045	T.KNATIKLVVE.D	YJL080C
target_000665_3_1	1	1.38629	0.0786528	0.0645987	1.9923	553.4	0.375	1672.52	15	0	0	1	0	0	1	11.956	-0.103	0.103	S.SILGDLSDKSDFVFE.Y	YPR017C
target_000666_2_1	1	1.79176	0.0562956	0.0376585	1.5614	344	0.6875	1054.53	9	0	1	0	0	0	2	11.8933	-0.826	0.826	Y.FENRKGSSM.E	YLR116W
target_000666_3_1	1	1.09861	0.216752	0.164813	2.734	446.2	0.392857	1581.29	15	0	0	1	0	0	2	11.9458	-0.145333	0.145333	C.TNIFSSGGGKRLSEQ.F	YIL003W
target_000668_2_1	1	4.65396	0.0444416	0.0160842	1.5481	269.5	0.642857	834.01	8	0	1	0	1	1	1	12.079	0.0235	0.0235	K.KALSTASR.E	YIL101C
target_000668_3_1	1	5.22575	0.120735	0.113183	1.9199	273.2	0.354167	1250.51	13	0	0	1	0	1	0	11.9689	-0.648667	0.648667	V.ASVGFVGFPSVGK.S	YAL036C
target_000669_2_1	1	3.93183	0.00424427	0.00253389	1.5786	485.1	0.75	821.93	7	0	1	0	0	1	1	12.0051	0.012	0.012	M.KTSQETK.K	YMR317W
target_000669_3_1	1	1.38629	0.0676177	0.0463141	2.1311	844.1	0.475	1232.39	11	0	0	1	1	1	2	12.0035	-0.353667	0.353667	K.KLESQLSAKTK.E	YOR232W
target_000670_2_1	1	4.7185	0.0638889	0.0412393	1.872	460.4	0.75	818.89	7	0	1	0	0	0	0	12.1192	0.037	0.037	T.QAVQDEE.S	YNR006W
target_000670_3_1	1	6.12468	0.19781	0.124334	2.3654	342.4	0.333333	1227.83	13	0	0	1	0	0	0	11.935	-0.875333	0.875333	E.SVAIIGAGLVGCL.A	YBL098W
target_000671_2_1	1	0.693147	0.0525625	0.0246797	1.9044	466.7	0.857143	1011.53	8	0	1	0	0	0	0	11.8827	-0.7145	0.7145	E.EETEFDDQ.F	YLR135W
target_000671_3_1	1	5.66643	0.0644168	0.063684	2.7291	301.6	0.354167	1516.79	13	0	0	1	1	1	0	11.975	-0.653333	0.653333	R.NKPLSIDDFDLLK.V	YKL126W	YMR104C
target_000672_2_1	1	4.54329	0.161156	0.0651971	1.8237	245.3	0.5625	1063.95	9	0	1	0	1	1	2	12.011	-0.654	0.654	R.VTGKKFEQK.T	YOR150W
target_000672_3_1	1	4.76217	0.0682177	0.0658731	2.2179	268.1	0.339286	1595.42	15	0	0	1	0	0	1	11.9485	-0.081	0.081	G.GTSFVEDAEGLRDAQ.I	YJL138C	YKR059W
target_000674_2_1	1	0	0.123054	0.111652	1.8504	399.5	0.75	1038.99	9	0	1	0	0	1	2	11.91	-1.1475	1.1475	T.GKSVLKRPR.K	YLR457C
target_000674_3_1	1	3.3322	0.105862	0.0723661	2.5675	348.1	0.339286	1557.98	15	0	0	1	1	1	2	11.9571	0.750667	0.750667	K.KKDEAKPADDAAPAK.K	YKL081W
target_000675_2_1	1	0	0.200672	0.177329	1.8164	367	0.65	1020.97	11	0	1	0	0	0	0	12.0195	-0.0495	0.0495	G.EGASGSVSVVE.R	YDL025C
target_000675_3_1	1	4.5326	0.0463304	0.0207837	1.8476	251.3	0.321429	1530.95	15	0	0	1	0	0	0	11.9671	0.762667	0.762667	M.SLPGNHDIGFGDTVV.E	YDR182W
target_000680_2_1	1	0	0.0376136	0.00144668	1.7281	668	1	803.79	6	0	1	0	0	1	2	12.1001	-0.5455	0.5455	Y.KDERTR.V	YDR135C
target_000680_3_1	1	3.63759	0.0891773	0.079202	1.6641	314.6	0.375	1205.18	11	0	0	1	0	0	1	12.0045	0.565667	0.565667	F.QIMSSKSVPLI.H	YLR422W
target_000681_2_1	1	3.21888	0.0223596	0.0147399	1.6011	300.5	0.666667	801.29	7	0	1	0	0	1	0	11.9939	0.158	0.158	T.QEIVAIK.V	YDR523C
target_000681_3_1	1	5.78383	0.0959305	0.055626	2.0494	218.5	0.325	1201.43	11	0	0	1	0	1	0	11.9745	0.0936667	0.0936667	S.NNDDSYGSSNK.K	YMR173W
target_000682_2_1	1	4.15888	0.0951845	0.063514	2.3113	516.8	0.833333	816.89	7	0	1	0	0	0	1	12.0445	0.4725	0.4725	W.KNLDVVQ.L	YOR025W
target_000682_3_1	1	3.04452	0.0764415	0.046758	2.2841	372.7	0.4	1224.83	11	0	0	1	0	0	2	11.9268	-0.886667	0.886667	V.QKVNAKLALLE.T	YOR023C
target_000686_2_1	1	5.81114	0.144065	0.118783	2.1754	237.7	0.625	1030.23	9	0	1	0	0	0	0	11.9934	0.052	0.052	Q.ALQQNSLQQ.N	YMR164C
target_000686_3_1	1	3.78419	0.0521619	0.0394252	2.3868	359.8	0.366667	1544.84	16	0	0	1	1	1	3	11.9668	0.987333	0.987333	K.SGKPLVGGGIKKSGKK.-	YLR262C-A
target_000692_2_1	1	3.82864	0.0495312	0.00601451	1.6959	353.5	0.55	978.03	11	0	1	0	0	0	0	12.0353	0.013	0.013	N.QSTTEAAAAAG.L	YLR319C
target_000692_3_1	1	1.60944	0.0609709	0.0562093	1.8271	318.2	0.395833	1466.54	13	0	0	1	0	1	0	11.9465	0.998667	0.998667	D.EEDWESIGAASLR.N	YDR169C
target_000711_2_1	1	3.49651	0.0703031	0.0429032	1.5803	253.6	0.611111	963.27	10	0	1	0	0	0	0	12.0287	0.61	0.61	V.KPAFSGSNGP.S	YPR154W
target_000711_3_1	1	1.94591	0.0447931	0.0271031	1.8485	329.8	0.365385	1444.4	14	0	0	1	0	0	0	11.9611	0.295667	0.295667	P.NGAYNSLISAGFDN.D	YNL103W
target_000719_2_1	1	2.56495	0.0455504	0.0168705	2.1339	377.9	0.9	829.57	6	0	1	0	0	1	2	11.9599	-0.184	0.184	L.ERVRNR.Q	YDR253C
target_000719_3_1	1	5.77765	0.0513178	0.040341	1.7947	223.8	0.35	1243.85	11	0	0	1	0	0	0	11.9657	0.507333	0.507333	M.EESNIQPVQTP.V	YDL047W
target_000722_2_1	1	4.41884	0.0681591	0.0673365	1.7019	253.1	0.642857	931.25	8	0	1	0	0	0	0	12.0455	-0.898	0.898	N.EILQELTS.F	YER149C
target_000722_3_1	1	4.02535	0.0728261	0.0556763	1.656	221.1	0.283333	1396.37	16	0	0	1	0	0	0	11.9297	-0.0423333	0.0423333	A.EAAASASTGGVSAVFA.Y	YHR016C
target_000728_2_1	1	4.97673	0.0745237	0.0502418	2.0262	259.2	0.666667	919.87	7	0	1	0	0	1	2	12.0572	0.421	0.421	E.KEGKWDR.I	YLR341W
target_000728_3_1	1	3.7612	0.162873	0.147881	2.2011	242.8	0.365385	1379.3	14	0	0	1	0	0	1	11.9635	-0.434	0.434	L.VASGVKFVAEGANM.G	YAL062W
target_000734_2_1	1	5.92426	0.0206637	0.0198592	1.989	244.9	0.5625	917.45	9	0	1	0	0	1	1	12.0576	-0.766	0.766	A.AGEPSSSKR.R	YCR037C
target_000734_3_1	1	3.09104	0.0382957	0.00287505	1.7391	307.8	0.363636	1375.67	12	0	0	1	0	1	2	11.9772	0.405667	0.405667	D.EADVNRSDPSKR.I	YGL110C
target_000736_2_1	1	3.21888	0.0114774	0.0050373	1.5683	518.5	0.9	813.97	6	0	1	0	0	1	0	11.856	-0.0315	0.0315	C.KPFYMK.Q	YCR024C
target_000736_3_1	1	0.693147	0.0450172	0.00864834	1.746	577.8	0.5	1220.45	9	0	0	1	0	1	0	11.9958	-0.0133333	0.0133333	F.WAMYLNYMK.A	YDR449C
target_000737_2_1	1	4.59512	0.0397181	0.000996512	1.4049	172.7	0.666667	911.69	7	0	1	0	0	0	1	11.8607	0.379	0.379	P.EICSCKN.A	YOL029C
target_000737_3_1	1	5.56452	0.0612353	0.0554763	1.8927	149.9	0.275	1367.03	11	0	0	1	0	0	3	11.9348	0.486	0.486	G.EVVYLRKQKDS.S	YGL133W
target_000748_2_1	1	4.36945	0.0500777	0.0248035	2.1247	310.1	0.833333	827.41	7	0	1	0	0	1	0	11.8493	-0.7685	0.7685	L.QVQLGQR.T	YHR154W
target_000748_3_1	1	5.92426	0.0426548	0.0370842	1.8849	257.3	0.375	1240.61	11	0	0	1	0	0	1	11.9224	0.395667	0.395667	D.LSTLRAFTCLG.N	YIR032C
target_000749_2_1	1	2.48491	0.0203335	0.00302097	1.7213	364.9	0.6875	871.53	9	0	1	0	0	0	1	11.9102	-0.2395	0.2395	G.KTAPGGVEL.N	YHR019C
target_000749_3_1	1	4.59512	0.0380498	0.0355538	1.8029	242.7	0.35	1306.79	11	0	0	1	0	0	1	11.9791	-0.893333	0.893333	L.FISEHQGRVHV.V	YLR149C
target_000752_2_1	1	1.38629	0.109918	0.104738	2.0852	544.1	0.916667	867.09	7	0	1	0	1	1	1	11.8771	0.0485	0.0485	K.KLEDHPK.F	YBR118W	YPR080W
target_000752_3_1	1	5.56834	0.0520998	0.0122946	1.643	187.6	0.291667	1300.13	13	0	0	1	0	0	2	11.954	0.577333	0.577333	Q.SSGSFASNGRKSL.A	YLL012W
target_000755_2_1	1	1.94591	0.0119666	0.00180318	1.8301	336	0.833333	839.37	7	0	1	0	0	1	0	11.847	-0.255	0.255	L.EEGSYVR.I	YML010W
target_000755_3_1	1	5.9135	0.106509	0.0595468	2.074	220.9	0.375	1258.55	11	0	0	1	0	0	1	11.972	-0.597667	0.597667	Q.KYFAEASDITD.A	YJR061W
target_000756_2_1	1	5.2933	0.150384	0.103236	1.5886	214.6	0.642857	903.29	8	0	1	0	0	1	1	12.0567	-0.382	0.382	S.KSASLLER.L	YOR076C
target_000756_3_1	1	0.693147	0.119113	0.101085	2.1467	431.4	0.366667	1354.43	16	0	0	1	0	1	0	11.9265	0.318333	0.318333	A.SFGGGISLGGSGGATK.G	gi|39795269|gb|AAH63648.1|
target_000762_2_1	1	4.90527	0.0800058	0.0731029	2.0861	239.7	0.666667	897.77	7	0	1	0	0	1	2	11.8547	-0.1415	0.1415	I.DGFFKRK.-	YDR279W
target_000762_3_1	1	5.96871	0.22612	0.165094	2.5858	201.7	0.346154	1346.15	14	0	0	1	0	0	0	11.9849	-0.825333	0.825333	G.ASVGALALGLISYL.L	YOR382W
target_000764_2_1	1	0.693147	0.121837	0.0750607	1.2763	453	0.9	851.49	6	0	1	0	0	0	1	11.965	0.2165	0.2165	P.RLHFFM.V	YFL037W
target_000764_3_1	1	5.52943	0.035357	0.0292545	1.5895	315.4	0.386364	1276.73	12	0	0	1	0	0	1	11.9879	0.393667	0.393667	Q.KGDALPVPMSFL.N	YGL236C
target_000771_2_1	1	2.77259	0.0342511	0.00875772	1.6671	269.7	0.833333	849.37	7	0	1	0	0	0	2	12.0506	-0.3255	0.3255	N.KDLKNTM.Q	YJL140W
target_000771_3_1	1	5.34233	0.0734378	0.0417864	1.8451	186.2	0.35	1273.55	11	0	0	1	0	0	1	11.9855	0.0106667	0.0106667	I.GVTILNTLWKQ.N	YDR283C
target_000772_2_1	1	4.51086	0.0212579	0.0128836	1.7076	167.7	0.5625	959.79	9	0	1	0	0	1	2	12.0238	-1.152	1.152	L.DKAGKTSVR.Q	YBR192W
target_000772_3_1	1	0	0.116597	0.0272407	2.2136	496.7	0.442308	1439.18	14	0	0	1	0	0	2	11.9364	-0.159	0.159	V.KFSRSNLALAGGAF.R	YBR198C
target_000777_2_1	1	4.91265	0.0233122	0.00738604	1.733	244.3	0.666667	847.23	7	0	1	0	0	0	3	12.0904	-0.4525	0.4525	Y.KIISKKM.L	YKR101W
target_000777_3_1	1	3.4012	0.113961	0.0881133	1.977	261.9	0.388889	1270.34	10	0	0	1	0	0	1	11.9124	-0.018	0.018	I.KCINYSPPYQ.A	YHL021C
target_000778_2_1	1	4.15888	0.0151892	0.00784363	1.6064	266.2	0.75	884.01	7	0	1	0	1	1	1	11.8167	-0.0385	0.0385	R.QHMLAKR.H	YBR267W
target_000778_3_1	1	1.60944	0.110765	0.0574599	2.118	464.7	0.409091	1325.51	12	0	0	1	0	0	1	11.9013	0.673	0.673	T.KTFPGSQPVSFQ.H	YGL130W
target_000779_2_1	1	4.94164	0.0384805	0.0219889	1.619	247.2	0.642857	844.17	8	0	1	0	0	1	2	12.005	0.575	0.575	L.GAVRGVKR.F	YOR202W
target_000779_3_1	1	5.9135	0.0665801	0.0318749	2.1553	203.4	0.325	1265.75	11	0	0	1	0	0	0	11.9536	0.741667	0.741667	W.AWVPNFAVFLV.I	YER060W
target_000783_2_1	1	2.56495	0.0265117	0.011551	1.4371	235.1	0.666667	953.99	10	0	1	0	0	0	0	11.8769	-1.0025	1.0025	H.SSSSTSLSSL.F	YDL025C
target_000783_3_1	1	4.44265	0.0636972	0.00465793	1.7175	241.7	0.363636	1430.48	12	0	0	1	0	1	2	11.9704	-0.413667	0.413667	S.AKLFFTKYSGLR.Q	YMR259C
target_000785_2_1	1	3.71357	0.0173414	0.0128148	1.5685	266.3	0.714286	987.83	8	0	1	0	0	1	0	12.0006	-0.1495	0.1495	W.EEVLQITR.K	YFL027C
target_000785_3_1	1	5.37064	0.119375	0.00184941	2.271	192.9	0.363636	1481.24	12	0	0	1	0	0	2	11.942	-0.483	0.483	W.NHVLCKVNLKEQ.C	YKR082W
target_000795_2_1	1	0	0.192023	0.126939	1.5795	399.6	0.75	821.57	7	0	1	0	1	1	0	12.0296	-0.194	0.194	R.APPQRPR.F	YER131W	YGL189C
target_000795_3_1	1	0	0.021806	0.0202338	1.4629	407.7	0.4	1231.85	11	0	0	1	0	0	0	11.9975	0.509	0.509	L.QAIHNALSNFD.T	YER068W
target_000806_2_1	1	4.44265	0.0600776	0.0195947	2.0873	338.1	0.833333	807.67	7	0	1	0	1	1	0	12.0161	-0.0675	0.0675	R.EGANCTR.I	YGL122C
target_000806_3_1	1	4.61512	0.156218	0.0752117	2.4677	330.5	0.363636	1211	12	0	0	1	0	0	0	11.9137	0.567333	0.567333	Y.TVGEFSGVLDGQ.T	YBR056W
target_000812_2_1	1	3.80666	0.0823563	0.012222	1.4073	393.5	0.833333	819.41	7	0	1	0	1	1	1	12.0973	0.7245	0.7245	K.KPKTESK.E	YJL110C
target_000812_3_1	1	5.60212	0.132482	0.0856431	1.9663	408.4	0.388889	1228.61	10	0	0	1	0	0	2	11.9503	-0.584333	0.584333	V.YDNFKLSKSQ.L	YGL006W
target_000816_2_1	1	5.1299	0.0214242	0.0103236	1.8017	263.7	0.75	801.17	7	0	1	0	0	1	0	11.9939	-0.374	0.374	I.ENANLLK.G	YML093W
target_000816_3_1	1	1.60944	0.124534	0.123323	2.0645	507.1	0.425	1201.25	11	0	0	1	0	0	0	11.9581	0.917333	0.917333	A.IIGCIVLISLP.L	YLR004C
target_000844_2_1	1	3.71357	0.0761448	0.0404686	1.6902	208	0.611111	975.87	10	0	1	0	0	0	0	12.0441	-0.553	0.553	N.SSANSSQPQA.P	YLR187W
target_000844_3_1	1	3.80666	0.0244762	0.00655937	1.6465	213.8	0.363636	1463.3	12	0	0	1	0	1	2	11.9675	-0.755333	0.755333	A.RALERYDEAEGR.F	YFL008W
target_000851_2_1	1	5.2575	0.0807727	0.0633263	1.6565	200.5	0.642857	932.27	8	0	1	0	0	1	2	12.0621	0.5935	0.5935	S.LKEASRAR.V	YMR240C
target_000851_3_1	1	4.17439	0.158602	0.12597	2.0624	252.6	0.340909	1397.9	12	0	0	1	0	0	2	11.9276	-0.934667	0.934667	E.YRKVLPIVSVPE.R	YOR375C
target_000860_2_1	1	4.47734	0.0424387	0.00431494	1.9699	345.9	0.714286	917.93	8	0	1	0	0	1	2	12.0616	-0.548	0.548	T.EKSPSKSR.D	YNL155W
target_000860_3_1	1	4.65396	0.030078	0.00126422	1.8984	234	0.307692	1376.39	14	0	0	1	0	1	0	11.9798	-0.012	0.012	S.SNGNGNLGLGTESR.N	YDR310C
reverse_000591_2_1	-1	3.09104	0.013141	0.0099359	1.248	247.6	0.583333	829.99	7	0	1	0	1	0	3	12.0124	-0.488	0.488	R.KRLSRGN.G	random_seq_3552
reverse_000591_3_1	-1	2.63906	0.0552966	0.046868	1.5661	363.1	0.35	1244.48	11	0	0	1	0	0	2	11.9731	-0.284	0.284	I.EIPDTKQKDGN.N	random_seq_1453
reverse_000597_2_1	-1	0	0.0259621	0.0253476	1.3019	547.6	0.6875	939.81	9	0	1	0	0	1	0	11.8675	-0.1155	0.1155	N.YSAALGTEK.S	random_seq_2337
reverse_000597_3_1	-1	2.07944	0.191094	0.17507	2.2591	840.5	0.454545	1409.21	12	0	0	1	0	0	2	11.9512	-0.772333	0.772333	D.CIRTSSQAQRGF.A	random_seq_2013	random_seq_5456
reverse_000598_2_1	-1	4.38203	0.0329515	0.00662005	1.3444	202.6	0.75	932.87	7	0	1	0	0	0	3	12.0621	0.395	0.395	D.RRKLAQC.L	random_seq_5388
reverse_000598_3_1	-1	3.61092	0.0244893	0.0209572	1.6987	289.5	0.326923	1398.8	14	0	0	1	1	1	0	11.9356	0.409667	0.409667	K.SGPAINSPTAEKPK.R	random_seq_5770
reverse_000599_2_1	-1	4.60517	0.128323	0.115335	1.1549	172.9	0.5625	1104.51	9	0	1	0	0	1	2	12.0249	0.1495	0.1495	E.TRLREGESR.T	random_seq_4711
reverse_000599_3_1	-1	4.04305	0.130289	0.0986544	1.5458	236.7	0.307692	1656.26	14	0	0	1	0	0	0	11.9453	-0.282333	0.282333	I.TMLYLLVFSFIPLV.L	random_seq_1248
reverse_000600_2_1	-1	4.5326	0.0426695	0.0233624	1.1343	179.7	0.571429	959.17	8	0	1	0	1	0	2	12.0241	1.4985	1.4985	-.IGYKKFLS.H	random_seq_5834
reverse_000600_3_1	-1	3.43399	0.0472304	0.0361114	1.9606	361.1	0.333333	1438.25	13	0	0	1	0	0	0	11.9525	-0.450667	0.450667	P.PEDLTLPPLDLES.V	random_seq_3621
reverse_000602_2_1	-1	5.36129	0.035798	0.035798	1.4079	233.1	0.571429	920.75	8	0	1	0	0	0	1	12.0344	0.907	0.907	S.NQAKEEAE.V	random_seq_6425
reverse_000602_3_1	-1	4.92725	0.0330987	0.0198307	2.1028	395.9	0.375	1380.62	13	0	0	1	1	1	0	11.9415	0.984333	0.984333	K.AFLINSTGLLLSK.N	random_seq_5953
reverse_000605_2_1	-1	5.44242	0.0762797	0.0366397	1.0999	157.9	0.4	1164.75	11	0	1	0	0	0	1	11.9729	-1.26	1.26	L.CFLSGAAKEPS.L	random_seq_1836
reverse_000605_3_1	-1	2.3979	0.117386	0.0636593	1.8222	377.1	0.34375	1746.62	17	0	0	1	0	0	0	11.962	-0.418	0.418	I.GMNNNVLDSGEADNILA.S	random_seq_5381
reverse_000606_2_1	-1	5.43808	0.120624	0.119232	1.4367	182.7	0.625	1102.19	9	0	1	0	0	1	1	11.9789	-1.0335	1.0335	S.IPTHKHNTR.G	random_seq_1505
reverse_000606_3_1	-1	4.29046	0.0713968	0.0398933	1.7998	326.1	0.321429	1652.78	15	0	0	1	0	0	4	11.9437	-0.0216667	0.0216667	T.SKRKLSKSTTSVNSE.T	random_seq_6071
reverse_000608_2_1	-1	4.5326	0.20391	0.201983	1.4526	253.9	0.75	909.93	7	0	1	0	1	0	2	11.903	1.4145	1.4145	K.KIIRFTE.T	random_seq_1627
reverse_000608_3_1	-1	2.56495	0.0909198	0.0899812	1.7048	431	0.425	1364.39	11	0	0	1	0	0	3	11.9732	0.604333	0.604333	Y.RVIKRAWGFND.L	random_seq_5196
reverse_000609_2_1	-1	4.39445	0.0659176	0.0576779	1.602	290.5	0.75	825.07	7	0	1	0	0	0	2	11.8311	-0.435	0.435	F.KASYKTQ.V	random_seq_2256
reverse_000609_3_1	-1	4.23411	0.0449654	0.0277351	1.5612	320	0.375	1237.1	11	0	0	1	0	0	1	11.9604	0.239	0.239	G.KTAEQIDSVMN.K	random_seq_4834
reverse_000610_2_1	-1	1.38629	0.00811791	0.00693569	1.2688	465.5	0.75	915.61	9	0	1	0	0	1	1	11.9868	-1.266	1.266	V.KPGMKSAAK.T	random_seq_4778
reverse_000610_3_1	-1	5.8999	0.046228	0.0252758	1.8041	284.2	0.3125	1372.91	13	0	0	1	0	0	1	11.9643	0.816	0.816	I.GAISTTRSTFSQN.Y	random_seq_3772
reverse_000612_2_1	-1	4.43082	0.122435	0.117653	1.9447	413.6	0.555556	1087.85	10	0	1	0	0	0	0	11.9986	-0.161	0.161	K.PLTVNNNCVG.L	random_seq_2629
reverse_000612_3_1	-1	4.21951	0.0747299	0.0535929	2.3324	497.6	0.375	1631.27	15	0	0	1	1	1	0	11.9715	-0.542333	0.542333	R.VSSLVTSELPLPFSR.S	random_seq_2158
reverse_000614_2_1	-1	5.4848	0.0899822	0.0383477	1.5203	316.7	0.714286	907.23	8	0	1	0	0	0	1	11.9972	0.108	0.108	S.AIERFAAE.P	random_seq_2625
reverse_000614_3_1	-1	5.85793	0.121755	0.0222575	1.8915	506.4	0.431818	1360.34	12	0	0	1	0	1	0	11.9837	-0.743	0.743	L.QIVSPYLASIDR.Y	random_seq_5059
reverse_000615_2_1	-1	3.98898	0.0767883	0.0716738	1.4273	273	0.5625	967.41	9	0	1	0	0	1	0	11.8902	-0.344	0.344	A.ATALTTSFR.M	random_seq_2664
reverse_000615_3_1	-1	4.02535	0.144393	0.142535	2.2598	425.4	0.395833	1450.61	13	0	0	1	1	0	0	11.9672	0.365333	0.365333	R.IDENVDGSVFEPQ.V	random_seq_5012
reverse_000616_2_1	-1	0	0.119407	0.0500697	1.5778	495.4	0.75	1001.39	9	0	1	0	1	1	0	11.9862	-0.8565	0.8565	-.PSWLEGTGR.S	random_seq_4477
reverse_000616_3_1	-1	4.52179	0.0573283	0.0168928	1.8647	451.3	0.386364	1501.58	12	0	0	1	0	1	3	11.956	-0.036	0.036	I.KEGSHDRLQFRK.V	random_seq_2512
reverse_000617_2_1	-1	4.86753	0.163712	0.0439507	1.2241	210	0.5	1049.27	9	0	1	0	0	1	0	12.0075	-1.4955	1.4955	H.FVDPVPIHK.S	random_seq_6087
reverse_000617_3_1	-1	5.89164	0.10236	0.0329848	1.6735	315.3	0.333333	1573.4	13	0	0	1	0	0	3	11.9626	0.242667	0.242667	W.HISSLDEKRDEKD.G	random_seq_6302
reverse_000618_2_1	-1	6.1334	0.0769231	0.075342	1.6445	266.2	0.5625	986.67	9	0	1	0	0	0	3	11.9659	-0.2805	0.2805	S.KKLAALSKQ.D	random_seq_3266
reverse_000618_3_1	-1	2.89037	0.0799861	0.0668431	2.3054	499.8	0.375	1479.5	13	0	0	1	0	0	1	11.9543	-0.0286667	0.0286667	G.EIISSEWSANSKQ.G	random_seq_6558
reverse_000620_2_1	-1	4.46591	0.0914177	0.0428501	1.6266	363.6	0.6875	899.33	9	0	1	0	1	1	1	11.8994	-0.8835	0.8835	R.KAVSVAAVR.R	random_seq_1723
reverse_000620_3_1	-1	5.0876	0.064661	0.0346809	1.9146	379.4	0.4	1348.49	11	0	0	1	0	0	1	11.9904	0.321333	0.321333	E.QFQRPLVKNCG.F	random_seq_5688
reverse_000621_2_1	-1	0	0.107254	0	1.7025	733.4	0.916667	837.53	7	0	1	0	0	1	1	11.9429	0.26	0.26	N.KGSYLIR.L	random_seq_5496
reverse_000621_3_1	-1	5.99396	0.0144948	0.00837321	1.4212	360.4	0.375	1255.79	11	0	0	1	0	0	2	11.9391	0.811	0.811	E.QASNKNTQSKF.F	random_seq_3722
reverse_000622_2_1	-1	1.09861	0.0384796	0.00355518	1.9127	550.1	0.785714	874.91	8	0	1	0	1	0	2	12.0664	-0.544	0.544	K.EKTGAIKE.A	random_seq_6262
reverse_000622_3_1	-1	4.15888	0.0395814	0.0354061	1.7963	360.2	0.386364	1311.86	12	0	0	1	0	1	1	11.9231	-0.554667	0.554667	A.TVLPAHGACKQM.-	random_seq_2126
reverse_000623_2_1	-1	4.36945	0.0279333	0.00639041	1.5179	196	0.75	872.71	7	0	1	0	0	0	2	11.967	0.3275	0.3275	P.KKFFSSK.P	random_seq_3257
reverse_000623_3_1	-1	5.43808	0.0584438	0.0058735	2.0601	213.4	0.326923	1308.56	14	0	0	1	1	1	0	11.9481	-0.943667	0.943667	K.GFASGSAPSEVSSK.G	random_seq_3134
reverse_000624_2_1	-1	5.46806	0.0834739	0.0447985	1.6005	172.8	0.5625	927.17	9	0	1	0	0	0	1	11.8717	0.0405	0.0405	L.KGPTPSIVQ.T	random_seq_4974
reverse_000624_3_1	-1	4.21951	0.0805427	0.00823732	1.8574	241	0.425	1390.25	11	0	0	1	0	0	1	11.9851	-0.797667	0.797667	L.FTVYISKFHHI.L	random_seq_3411
reverse_000626_2_1	-1	2.70805	0.0137778	0.00297778	2.25	686.5	0.833333	867.13	7	0	1	0	0	1	0	11.8792	-0.425	0.425	A.ENHLINK.Y	random_seq_6558
reverse_000626_3_1	-1	2.19722	0.0410505	0.0320918	1.6297	334.8	0.361111	1300.19	10	0	0	1	0	0	2	11.9537	-0.062	0.062	N.QNKDHPNQRY.C	random_seq_401
reverse_000628_2_1	-1	2.70805	0.0162183	0.0106296	1.8251	416.9	0.857143	904.33	8	0	1	0	0	1	1	12.0628	-0.3775	0.3775	I.KTGPFNLK.K	random_seq_4528
reverse_000628_3_1	-1	3.2581	0.113285	0.102595	2.2077	402.9	0.409091	1355.99	12	0	0	1	0	0	1	11.9391	-0.212	0.212	N.EKHIGLGMFPVQ.L	random_seq_2210
reverse_000629_2_1	-1	5.69036	0.0372683	0.00796331	1.5697	280.1	0.642857	983.77	8	0	1	0	0	1	2	11.8759	-0.252	0.252	T.KNKLLLVR.V	random_seq_6022
reverse_000629_3_1	-1	3.85015	0.0335275	0.0330717	1.9745	411.7	0.386364	1475.15	12	0	0	1	0	0	2	11.9791	0.15	0.15	Q.LHLNKETISKYQ.V	random_seq_4956
reverse_000632_2_1	-1	2.19722	0.0421178	0.0282279	1.3391	379.6	0.75	897.27	7	0	1	0	0	1	1	11.8549	0.147	0.147	V.KDVSYER.F	random_seq_3265
reverse_000632_3_1	-1	3.17805	0.0197497	0.0155388	1.6861	321.2	0.354167	1345.4	13	0	0	1	0	1	1	11.9783	-0.361	0.361	H.IDAPISSTKSNGR.R	random_seq_3581
reverse_000633_2_1	-1	4.45435	0.0251805	0.0219522	1.7037	433.2	0.714286	861.93	8	0	1	0	0	0	3	12.0812	-0.0435	0.0435	L.KGVKKSSQ.F	random_seq_6069
reverse_000633_3_1	-1	5.30827	0.0418918	0.0384324	2.1102	398.1	0.425	1292.39	11	0	0	1	0	1	2	11.978	0.956333	0.956333	Q.KSRQLLTSSIR.M	random_seq_4812
reverse_000634_2_1	-1	3.21888	0.0125888	0.0099419	1.549	278	0.555556	997.11	10	0	1	0	0	0	1	11.8587	-0.016	0.016	S.RAHIGVSTVG.I	random_seq_2366
reverse_000634_3_1	-1	0.693147	0.0184314	0.0146658	2.0183	444.3	0.431818	1495.16	12	0	0	1	0	0	1	11.9397	-0.844333	0.844333	A.YELRLPWYAASQ.N	random_seq_4850
reverse_000635_2_1	-1	3.21888	0.162005	0.156664	2.3777	520.9	0.6875	1033.63	9	0	1	0	0	1	0	12.0283	-0.285	0.285	S.QGAEIFLQK.T	random_seq_874
reverse_000635_3_1	-1	2.56495	0.128329	0.120157	2.3128	552.5	0.416667	1549.94	13	0	0	1	0	0	1	11.9605	0.372667	0.372667	D.WYKALIADNILDI.N	random_seq_4990
reverse_000636_2_1	-1	4.60517	0.047612	0.0422972	1.3547	199.4	0.45	1117.53	11	0	1	0	0	0	1	12.011	1.1075	1.1075	H.IKVAQSVAAEV.Y	random_seq_3984
reverse_000636_3_1	-1	6.01127	0.0470895	0.0257529	1.8794	284.1	0.321429	1675.79	15	0	0	1	0	0	0	11.9633	-0.104333	0.104333	Y.HYPVVSTVIPMVAMM.T	random_seq_1952
reverse_000638_2_1	-1	4.64439	0.0840923	0.0446812	1.7457	522.4	0.785714	849.87	8	0	1	0	0	0	0	12.0501	-0.032	0.032	E.ENSMLGAQ.S	random_seq_1322
reverse_000638_3_1	-1	2.3979	0.0590084	0.018757	1.9726	747.9	0.5	1274.3	10	0	0	1	0	0	2	11.9839	-0.0963333	0.0963333	L.EFLLEKIRLL.N	random_seq_4010
reverse_000639_2_1	-1	1.38629	0.0577029	0.0396149	1.454	430.2	0.9	809.75	6	0	1	0	1	0	1	11.8955	-0.5445	0.5445	K.ERTFEE.D	random_seq_3794
reverse_000639_3_1	-1	5.40268	0.0699498	0.0583171	1.9514	260.6	0.4	1214.12	11	0	0	1	0	0	1	11.932	-0.0936667	0.0936667	V.EELVPLGKISE.F	random_seq_6109
reverse_000642_2_1	-1	2.89037	0.0576059	0.0307151	1.6474	314.4	0.666667	854.99	7	0	1	0	0	0	1	11.7987	0.5555	0.5555	M.RDSSMEE.D	random_seq_4518
reverse_000642_3_1	-1	5.07517	0.0106256	0.00883813	2.014	274	0.340909	1281.98	12	0	0	1	0	0	1	11.9268	-0.439	0.439	L.QGQREDGYTTAG.A	random_seq_5352
reverse_000644_2_1	-1	3.97029	0.0334626	0.0160681	1.9604	539	0.75	847.11	7	0	1	0	0	1	0	12.0906	0.077	0.077	F.QLVTEEK.I	random_seq_1833
reverse_000644_3_1	-1	5.56452	0.0747183	0.0412868	2.1387	321.8	0.361111	1270.16	10	0	0	1	1	0	1	11.9222	-0.0893333	0.0893333	R.EIFSQIFERT.H	random_seq_5996
reverse_000645_2_1	-1	2.19722	0.0171975	0.00914428	1.9247	534.5	0.6875	1059.77	9	0	1	0	0	0	1	12.0066	0.325	0.325	N.GEFYGQEKT.R	random_seq_4841
reverse_000645_3_1	-1	5.75574	0.0647352	0.00246972	2.1055	331.6	0.333333	1589.15	13	0	0	1	0	0	3	11.9698	0.756333	0.756333	L.VGTLQKRRFKPQQ.N	random_seq_241
reverse_000646_2_1	-1	4.99043	0.145427	0.0689514	1.4619	215.9	0.55	1084.05	11	0	1	0	0	0	0	11.9064	0.3885	0.3885	P.NSIVLIAANPA.S	random_seq_3749
reverse_000646_3_1	-1	5.0876	0.0695295	0.066995	2.0912	381.8	0.339286	1625.57	15	0	0	1	0	0	0	11.9381	-0.0696667	0.0696667	L.ADLLLSTGQQIHNQS.F	random_seq_2300
reverse_000647_2_1	-1	3.71357	0.0472059	0.0160755	1.5676	294.7	0.5	1159.69	12	0	1	0	0	0	1	11.9954	-0.333	0.333	G.TAALLSGALSKQ.T	random_seq_188
reverse_000647_3_1	-1	0	0.0663216	0.0511151	1.8742	526.5	0.392857	1739.03	15	0	0	1	0	1	1	11.9338	0.0423333	0.0423333	E.HYAHNTGQLTNTPKR.L	random_seq_3311
reverse_000648_2_1	-1	4.63473	0.0416296	0.00457994	1.4629	181.9	0.5	1136.61	10	0	1	0	0	0	2	11.964	0.1755	0.1755	E.WKDGVVKGCS.F	random_seq_5954
reverse_000648_3_1	-1	5.50533	0.0782595	0.0593207	1.9167	214.8	0.279412	1704.41	18	0	0	1	0	0	1	11.969	0.115	0.115	G.FVSAVKGALLGIPGAGFV.V	random_seq_4149
reverse_000650_2_1	-1	5.35186	0.0796844	0.0673312	1.6352	212.2	0.571429	883.19	8	0	1	0	0	0	1	11.8416	-1.4245	1.4245	E.ESIGRVKP.L	random_seq_1862
reverse_000650_3_1	-1	5.2933	0.0265964	0.0131666	2.2785	244.7	0.35	1324.28	11	0	0	1	1	0	2	11.9386	-0.0376667	0.0376667	K.ESNRRGFTVEE.R	random_seq_2266
reverse_000651_2_1	-1	5.35659	0.00944304	0.00541321	1.6626	326.4	0.625	843.87	9	0	1	0	0	1	1	11.9281	-0.58	0.58	G.KLLSGAAGK.T	random_seq_511
reverse_000651_3_1	-1	2.77259	0.0895559	0.074671	2.0289	449.1	0.425	1265.3	11	0	0	1	0	0	2	11.9666	-0.364333	0.364333	A.KEQAEEYLAKG.D	random_seq_624
reverse_000652_2_1	-1	3.7612	0.129039	0.128787	1.9839	352.6	0.75	841.63	7	0	1	0	0	1	1	11.8392	0.361	0.361	D.EADYSKK.S	random_seq_5739
reverse_000652_3_1	-1	5.34711	0.109629	0.0760833	2.3908	308.5	0.386364	1261.94	12	0	0	1	0	0	1	11.9915	0.159667	0.159667	L.KEIPVFSGLAAE.D	random_seq_1830
reverse_000653_2_1	-1	3.73767	0.0990318	0.0931469	1.5803	193.5	0.642857	955.11	8	0	1	0	0	1	1	11.854	-0.5205	0.5205	E.DMIHKGVR.S	random_seq_2663
reverse_000653_3_1	-1	4.95583	0.0364565	0.0232238	2.252	253.8	0.326923	1432.16	14	0	0	1	0	0	2	11.9812	-0.0946667	0.0946667	E.ADGSKSYTTDGSRS.N	random_seq_1001
reverse_000654_2_1	-1	4.39445	0.0547292	0.0484363	1.5732	226.9	0.5	1069.01	13	0	1	0	1	0	0	11.8896	-0.612	0.612	R.AGGGGLVLGIAQG.S	random_seq_4661
reverse_000654_3_1	-1	4.63473	0.093143	0.0244666	1.8842	271.5	0.321429	1603.01	15	0	0	1	0	0	0	11.9632	-0.645	0.645	I.IAPTAIIPSTLYNVM.E	random_seq_3870
reverse_000656_2_1	-1	0.693147	0.0386866	0.0278191	2.1532	821.2	1	806.19	7	0	1	0	0	0	2	12.0576	-0.329	0.329	G.EDGKTKE.T	random_seq_149
reverse_000656_3_1	-1	4.38203	0.106555	0.0926179	2.3462	542.9	0.409091	1208.78	12	0	0	1	0	0	1	11.9489	-0.473	0.473	S.ADAKFADDGNGE.E	random_seq_4210
reverse_000657_2_1	-1	0.693147	0.0811743	0.0751211	1.652	263.5	0.714286	947.49	8	0	1	0	0	0	0	12.0587	-0.7605	0.7605	A.QQAQFQAQ.Q	random_seq_6034
reverse_000657_3_1	-1	5.82008	0.0143638	0.0130119	1.7753	186.9	0.326923	1420.73	14	0	0	1	0	1	2	11.9715	0.0556667	0.0556667	I.KGAAEENSTKASVK.K	random_seq_1912
reverse_000658_2_1	-1	3.63759	0.0192032	0.0153626	1.9528	431.9	0.833333	879.17	7	0	1	0	0	1	0	11.9844	0.1065	0.1065	Y.ENYPLDK.D	random_seq_5452
reverse_000658_3_1	-1	3.17805	0.0391253	0.015524	2.538	705.1	0.454545	1318.25	12	0	0	1	0	0	0	11.9934	-0.0576667	0.0576667	V.ISVALTQDDLDQ.D	random_seq_1258
reverse_000659_2_1	-1	5.57215	0.0446481	0.0287148	1.7134	270.6	0.642857	952.05	8	0	1	0	0	1	1	11.9414	-0.046	0.046	Y.KSSIFLTR.F	random_seq_3178
reverse_000659_3_1	-1	4.23411	0.106508	0.0950252	2.5951	642.2	0.5	1427.57	11	0	0	1	0	0	2	11.9355	0.633	0.633	Q.FRQSEIKLFEK.P	random_seq_6571
reverse_000660_2_1	-1	5.0814	0.15939	0.148066	1.5277	201.8	0.5	1081.87	9	0	1	0	1	0	2	11.9164	-0.68	0.68	K.ERKSVSITY.R	random_seq_5821
reverse_000660_3_1	-1	5.65948	0.125679	0.101399	2.2653	295.4	0.339286	1622.3	15	0	0	1	0	0	0	11.9488	-0.814	0.814	E.PALLTEDLFETSSSN.P	random_seq_3596
reverse_000663_2_1	-1	2.3979	0.0209177	0.0127643	1.7784	397.8	0.785714	937.79	8	0	1	0	0	0	1	11.9375	-0.698	0.698	L.FVKFLATI.A	random_seq_6355
reverse_000663_3_1	-1	1.94591	0.0661253	0.0127397	2.1429	431.6	0.409091	1406.18	12	0	0	1	0	1	0	11.9787	-0.475667	0.475667	A.FTIAVIEESIER.S	random_seq_5625
reverse_000664_2_1	-1	3.55535	0.181919	0.18064	1.72	226.9	0.55	1127.31	11	0	1	0	0	1	0	11.9004	-0.4805	0.4805	M.PTLSPSPTATR.S	random_seq_514
reverse_000664_3_1	-1	4.2485	0.106713	0.0760146	2.5995	306	0.357143	1690.46	15	0	0	1	1	0	3	11.9633	0.784333	0.784333	K.AKEKAIILQLITAKF.R	random_seq_3090
reverse_000665_2_1	-1	3.55535	0.054692	0.0513927	1.5761	320.7	0.611111	1115.35	10	0	1	0	0	0	1	11.9759	0.0365	0.0365	F.KNAAHNLLSF.V	random_seq_3922
reverse_000665_3_1	-1	1.94591	0.0930855	0.0884025	2.0927	523	0.35	1672.52	16	0	0	1	0	0	0	11.956	0.539667	0.539667	D.NAAGNLEDLLATELLI.R	random_seq_2325
reverse_000666_2_1	-1	1.79176	0.158406	0.0869248	1.9166	343.8	0.6875	1054.53	9	0	1	0	1	0	2	11.8933	-0.8415	0.8415	K.RPKKNGNNK.P	random_seq_1586
reverse_000666_3_1	-1	6.0845	0.0515459	0.0346316	1.9924	210.4	0.307692	1581.29	14	0	0	1	1	0	1	11.9458	-0.856	0.856	R.KSMMLGLNPTFQSE.E	random_seq_3420
reverse_000668_2_1	-1	1.79176	0.0478749	0.016457	1.4705	377.3	0.833333	834.01	7	0	1	0	0	0	0	12.079	-0.4685	0.4685	E.EKPVYAQ.I	random_seq_277
reverse_000668_3_1	-1	3.49651	0.120301	0.0319703	1.9393	332.5	0.4	1250.51	11	0	0	1	0	0	3	11.9689	0.723	0.723	G.RSRNSKENTVG.V	random_seq_6047
reverse_000669_2_1	-1	5.29832	0.0600772	0.0426819	1.7361	410.4	0.666667	821.93	7	0	1	0	0	1	0	12.0051	-0.011	0.011	Y.QGFIQTK.K	random_seq_883
reverse_000669_3_1	-1	4.34381	0.0717478	0.0544743	2.1478	558.5	0.45	1232.39	11	0	0	1	1	1	1	12.0035	-0.981333	0.981333	K.EKESSSEPLTK.T	random_seq_5320
reverse_000670_2_1	-1	5.10595	0.0414598	0.0334499	1.7728	433.8	0.75	818.89	7	0	1	0	0	0	0	12.1192	0.037	0.037	S.QNIADEE.T	random_seq_2749
reverse_000670_3_1	-1	4.43082	0.129982	0.113039	2.178	456.8	0.444444	1227.83	10	0	0	1	0	0	1	11.935	0.211333	0.211333	M.KEDDMSEEDE.D	random_seq_1682
reverse_000671_2_1	-1	4.15888	0.0317721	0.0128113	1.9514	306.6	0.714286	1011.53	8	0	1	0	0	0	1	11.8827	-0.3625	0.3625	G.QFTFMPKL.G	random_seq_3979
reverse_000671_3_1	-1	6.06843	0.135579	0.0891411	2.7047	281.9	0.346154	1516.79	14	0	0	1	0	0	1	11.975	-0.625667	0.625667	Q.KQLGNIDLSGNPDF.Y	random_seq_6200
reverse_000672_2_1	-1	4.33073	0.0875256	0.0672578	1.6578	253	0.625	1063.95	9	0	1	0	0	1	2	12.011	-0.1815	0.1815	I.KEFSLLAKK.L	random_seq_828
reverse_000672_3_1	-1	2.56495	0.0505689	0.0421709	2.2148	335.1	0.365385	1595.42	14	0	0	1	1	0	1	11.9485	-0.0953333	0.0953333	K.EQGATDWVDFKIEG.F	random_seq_4400	random_seq_5925
reverse_000674_2_1	-1	0	0.0712577	0.0659034	1.7556	411.5	0.666667	1038.99	10	0	1	0	0	0	1	11.91	-0.544	0.544	G.SPSRGYTSAN.E	random_seq_3987
reverse_000674_3_1	-1	3.66356	0.175873	0.129604	3.0107	333.7	0.384615	1557.98	14	0	0	1	0	0	1	11.9571	0.12	0.12	S.TSSPSLKEYCAGEQ.N	random_seq_1934
reverse_000675_2_1	-1	4.43082	0.0759072	0.0503126	1.7113	216.8	0.5625	1020.97	9	0	1	0	0	0	2	12.0195	-0.1605	0.1605	A.KLLHPIAKT.Y	random_seq_1114
reverse_000675_3_1	-1	6.11147	0.0153862	0.0137049	1.9628	205.8	0.288462	1530.95	14	0	0	1	0	0	0	11.9671	0.820667	0.820667	S.DFTEGSGNEAHNSY.P	random_seq_1740
reverse_000680_2_1	-1	3.3673	0.0870422	0.0826959	1.7256	475.8	0.9	803.79	6	0	1	0	1	1	2	12.1001	-0.544	0.544	K.KDEKER.L	random_seq_3293
reverse_000680_3_1	-1	5.90536	0.185293	0.174201	1.9202	246.1	0.3125	1205.18	13	0	0	1	0	0	0	12.0045	0.627667	0.627667	V.GPTGFTNPQAGVG.V	random_seq_4902
reverse_000681_2_1	-1	1.94591	0.0345547	0.0226478	1.6293	347.8	0.8	801.29	6	0	1	0	1	1	1	11.9939	0.154	0.154	R.KPRFPR.E	random_seq_2258
reverse_000681_3_1	-1	2.07944	0.164471	0.152538	2.1706	321.8	0.354167	1201.43	13	0	0	1	0	0	0	11.9745	0.736	0.736	P.INSGNAPNGNGSP.S	random_seq_2165
reverse_000682_2_1	-1	4.04305	0.0488701	0.0359833	2.2038	516.8	0.833333	816.89	7	0	1	0	0	0	1	12.0445	-0.02	0.02	D.KDNLVVE.F	random_seq_5017
reverse_000682_3_1	-1	5.24175	0.0254562	0.0254562	2.1645	290.5	0.340909	1224.83	12	0	0	1	0	0	0	11.9268	-0.828667	0.828667	S.SASTPPQSPIQN.F	random_seq_1250
reverse_000686_2_1	-1	3.80666	0.186692	0.181666	2.3279	319.4	0.541667	1030.23	13	0	1	0	0	0	0	11.9934	0.052	0.052	S.LAGAAGGSALNGA.F	random_seq_156	random_seq_343
reverse_000686_3_1	-1	4.47734	0.122689	0.100738	2.6832	339	0.333333	1544.84	13	0	0	1	0	1	2	11.9668	0.331	0.331	S.RDIISLQESILKK.I	random_seq_1240
reverse_000692_2_1	-1	5.24175	0.00625074	0.00464341	1.6798	290.7	0.5625	978.03	9	0	1	0	0	0	2	12.0353	-0.547	0.547	I.EKRGFAALS.I	random_seq_1758
reverse_000692_3_1	-1	4.89784	0.117665	0.0744246	2.0074	224.3	0.326923	1466.54	14	0	0	1	0	0	3	11.9465	0.611667	0.611667	N.SKAFSAKAQEIKGV.Q	random_seq_3478
reverse_000711_2_1	-1	3.95124	0.12666	0.0750942	1.6193	224.4	0.555556	963.27	10	0	1	0	0	0	0	12.0287	0.6315	0.6315	I.GAPNYPSAGQ.A	random_seq_5473
reverse_000711_3_1	-1	6.18621	0.0834475	0.0515551	1.897	203.5	0.288462	1444.4	14	0	0	1	0	1	3	11.9611	-0.735333	0.735333	S.KGPRSSKSTSASPR.V	random_seq_3295
reverse_000719_2_1	-1	2.48491	0.0682204	0.0644125	2.1797	419.3	0.785714	829.57	8	0	1	0	0	0	2	11.9599	0.3115	0.3115	Y.KSAPRNVG.G	random_seq_6484
reverse_000719_3_1	-1	4.48864	0.0414449	0.0304252	1.8603	272.7	0.363636	1243.85	12	0	0	1	0	0	0	11.9657	0.518667	0.518667	G.TGINGVCDTFTG.G	random_seq_3886
reverse_000722_2_1	-1	4.83628	0.0433994	0.00438673	1.7097	238.9	0.642857	931.25	8	0	1	0	0	1	1	12.0455	-0.4595	0.4595	L.KLLEAMAR.L	random_seq_3674
reverse_000722_3_1	-1	3.29584	0.109248	0.106179	1.8902	239.7	0.35	1396.37	11	0	0	1	0	1	2	11.9297	-0.0596667	0.0596667	I.AHEYSKSRVYR.N	random_seq_5904
reverse_000728_2_1	-1	3.68888	0.0507323	0.0485197	1.8982	302.9	0.625	919.87	9	0	1	0	0	1	1	12.0572	0.4005	0.4005	N.KTTIATAGR.K	random_seq_1770
reverse_000728_3_1	-1	3.13549	0.0348559	0.00343357	1.9222	252.4	0.303571	1379.3	15	0	0	1	0	1	0	11.9635	-0.071	0.071	G.SAQGFLGGAPTSSAK.N	random_seq_2265
reverse_000734_2_1	-1	2.63906	0.01805	0.0102418	1.9723	391.4	0.714286	917.45	8	0	1	0	0	1	3	12.0576	-0.339	0.339	N.KLAKSSKR.A	random_seq_1935
reverse_000734_3_1	-1	4.75359	0.0406398	0.0127176	1.7692	251.5	0.318182	1375.67	12	0	0	1	0	0	1	11.9772	0.986	0.986	E.VSLPPMSLRFKP.A	random_seq_3549
reverse_000736_2_1	-1	4.14313	0.101368	0.0934188	1.6228	441.6	0.75	813.97	7	0	1	0	0	0	0	11.856	-0.501	0.501	A.EPLPVEM.P	random_seq_5473
reverse_000736_3_1	-1	3.3673	0.0607616	0.0221004	1.7149	446.7	0.444444	1220.45	10	0	0	1	0	1	2	11.9958	0.680667	0.680667	E.EFAKGKLCHK.I	random_seq_5255
reverse_000737_2_1	-1	0.693147	0.156897	0.141498	1.682	355.4	0.833333	911.69	7	0	1	0	0	0	2	11.8607	0.3115	0.3115	L.RVFSDRM.N	random_seq_1487
reverse_000737_3_1	-1	5.01064	0.0772695	0.0561072	1.8429	157.7	0.270833	1367.03	13	0	0	1	0	0	2	11.9348	0.514667	0.514667	I.GTPAGKSDYRLEA.N	random_seq_5110
reverse_000748_2_1	-1	3.91202	0.0581248	0.0415526	2.0456	330.6	0.833333	827.41	7	0	1	0	0	1	2	11.8493	-0.296	0.296	A.EPKGLKR.S	random_seq_1971
reverse_000748_3_1	-1	4.17439	0.159493	0.0509603	2.2233	328.5	0.386364	1240.61	12	0	0	1	0	1	2	11.9224	-0.961667	0.961667	I.AGGLRLLTSRAK.A	random_seq_2831
reverse_000749_2_1	-1	2.83321	0.0848873	0.0800252	1.7482	348.7	0.714286	871.53	8	0	1	0	0	0	1	11.9102	0.8115	0.8115	I.KFNSSGTE.I	random_seq_5929
reverse_000749_3_1	-1	4.5326	0.0162272	0.0142551	1.7748	242.3	0.340909	1306.79	12	0	0	1	0	0	0	11.9791	0.884667	0.884667	G.EDGDHGDGEEDE.E	random_seq_6023
reverse_000752_2_1	-1	4.85981	0.0945032	0.094067	1.8338	298.5	0.75	867.09	7	0	1	0	1	1	1	11.8771	0.0055	0.0055	K.KDHLLLK.F	random_seq_3861
reverse_000752_3_1	-1	1.09861	0.0371842	0.0269838	1.6862	305.8	0.4	1300.13	11	0	0	1	1	0	3	11.954	0.199667	0.199667	K.KMSSKIRYSQA.Y	random_seq_5296
reverse_000755_2_1	-1	0.693147	0.0286933	0.0123401	1.9935	427.3	0.916667	839.37	7	0	1	0	0	1	1	11.847	-0.2985	0.2985	E.KSVSYQK.T	random_seq_1647
reverse_000755_3_1	-1	2.70805	0.222235	0.218891	2.5716	364.4	0.45	1258.55	11	0	0	1	1	0	1	11.972	0.383	0.383	K.KSEMAEQYTLG.K	random_seq_3806
reverse_000756_2_1	-1	2.19722	0.154283	0.12022	1.7967	324.3	0.666667	903.29	10	0	1	0	0	0	0	12.0567	-0.8095	0.8095	L.EGASAAAEAQ.E	random_seq_3750
reverse_000756_3_1	-1	4.45435	0.0976564	0.0581731	2.0439	248	0.4	1354.43	11	0	0	1	0	0	0	11.9265	0.275333	0.275333	N.QYPPFILFQSI.K	random_seq_6153
reverse_000762_2_1	-1	4.82831	0.0233887	0.0225497	1.9069	243.6	0.642857	897.77	8	0	1	0	0	1	1	11.8547	0.3955	0.3955	T.ATNGSYKR.R	random_seq_1001
reverse_000762_3_1	-1	3.46574	0.0677006	0.00758038	2.2954	296.1	0.363636	1346.15	12	0	0	1	0	0	0	11.9849	-0.439	0.439	A.ETLSAHLYIDGQ.C	random_seq_6333
reverse_000764_2_1	-1	5.18178	0.11358	0.0965769	1.3409	252	0.642857	851.49	8	0	1	0	0	0	2	11.965	0.733	0.733	G.RKVGSATM.V	random_seq_4312
reverse_000764_3_1	-1	5.62762	0.0588115	0.0476061	1.4725	314.8	0.416667	1276.73	10	0	0	1	0	1	2	11.9879	0.084	0.084	I.EDLLPKNYRK.Q	random_seq_6041
reverse_000771_2_1	-1	5.88332	0.0660342	0.0527904	1.6234	164.7	0.642857	849.37	8	0	1	0	0	1	0	12.0506	-0.2555	0.2555	G.QNGFNGGR.R	random_seq_5679
reverse_000771_3_1	-1	4.43082	0.0192492	0.00779001	1.7715	213.9	0.375	1273.55	11	0	0	1	0	0	4	11.9855	0.023	0.023	M.QQGRKTIKGRT.D	random_seq_3742
reverse_000772_2_1	-1	5.45532	0.0552441	0.00268629	1.7124	143	0.571429	959.79	8	0	1	0	0	1	0	12.0238	-0.6375	0.6375	F.FLATDHTR.K	random_seq_4457
reverse_000772_3_1	-1	0	0.23381	0.206743	2.5123	432.6	0.458333	1439.18	13	0	0	1	0	0	0	11.9364	0.515	0.515	H.FSDAILALSHSLY.G	random_seq_6064
reverse_000777_2_1	-1	4.8828	0.0698515	0.0673862	1.8253	244.3	0.666667	847.23	7	0	1	0	0	0	1	12.0904	-0.3555	0.3555	E.KLISEEE.P	random_seq_5047
reverse_000777_3_1	-1	5.12396	0.0842628	0.0612732	2.0531	209.1	0.388889	1270.34	10	0	0	1	1	0	2	11.9124	-0.0443333	0.0443333	R.KWFKWLSSTS.N	random_seq_2481
reverse_000778_2_1	-1	3.61092	0.0805159	0.0565862	1.822	291.8	0.625	884.01	9	0	1	0	0	0	1	11.8167	0.015	0.015	P.KHASGDIGV.E	random_seq_3918
reverse_000778_3_1	-1	4.65396	0.298732	0.194097	2.524	257.1	0.318182	1325.51	12	0	0	1	0	0	0	11.9013	-0.332667	0.332667	N.IISYVCGICIGA.E	random_seq_6454
reverse_000779_2_1	-1	2.99573	0.0101906	0.00984513	1.7369	314.9	0.714286	844.17	8	0	1	0	1	1	0	12.005	0.149	0.149	K.EANAGPER.L	random_seq_1572
reverse_000779_3_1	-1	4.18965	0.0282158	0.023383	2.0485	258.9	0.35	1265.75	11	0	0	1	0	0	2	11.9536	-0.575667	0.575667	H.KFKLISSICNG.S	random_seq_5439
reverse_000783_2_1	-1	5.3799	0.0383662	0.00135145	1.3319	164.6	0.625	953.99	9	0	1	0	0	1	0	11.8769	-1.005	1.005	S.VFDASSSSR.L	random_seq_6347
reverse_000783_3_1	-1	3.61092	0.114818	0.0750092	2.1704	274.7	0.354167	1430.48	13	0	0	1	0	1	1	11.9704	-0.699667	0.699667	C.SKFPNHLSSGTTR.T	random_seq_5944
reverse_000785_2_1	-1	4.8828	0.01525	0.000768412	1.6918	227.6	0.625	987.83	9	0	1	0	0	0	2	12.0006	-0.151	0.151	L.KSTRTGPIQ.S	random_seq_4260
reverse_000785_3_1	-1	5.49306	0.0419238	0.0402745	1.8796	188.8	0.363636	1481.24	12	0	0	1	0	0	0	11.942	0.193333	0.193333	D.VEHWSIPIEEIQ.I	random_seq_6388
reverse_000795_2_1	-1	0.693147	0.140149	0.0551585	1.2872	441.6	0.9	821.57	6	0	1	0	0	1	0	12.0296	-0.1735	0.1735	H.QHQRPR.L	random_seq_4026
reverse_000795_3_1	-1	6.16752	0.104976	0.0473341	1.688	151.5	0.275	1231.85	11	0	0	1	0	1	0	11.9975	0.15	0.15	I.PANVVLSTHHR.V	random_seq_6678
reverse_000806_2_1	-1	4.38203	0.0908057	0.0702983	2.1992	351.9	0.833333	807.67	7	0	1	0	0	0	0	12.0161	-0.038	0.038	E.EGDETEQ.P	random_seq_335
reverse_000806_3_1	-1	5.38907	0.0735775	0.0457036	2.0808	291.5	0.4	1211	11	0	0	1	0	1	2	11.9137	-0.134667	0.134667	E.KSTSKAGLYQK.L	random_seq_5517
reverse_000812_2_1	-1	4.99721	0.0887284	0.00415701	1.4674	318.6	0.75	819.41	7	0	1	0	0	0	0	12.0973	0.3205	0.3205	S.EPEADEE.E	random_seq_6178
reverse_000812_3_1	-1	5.0876	0.0651501	0.0130843	1.8419	441.5	0.386364	1228.61	12	0	0	1	0	0	0	11.9503	-0.268667	0.268667	A.IIDDVIIVNSGA.P	random_seq_4619
reverse_000816_2_1	-1	5.19296	0.0808768	0.0733198	1.8658	263.7	0.75	801.17	7	0	1	0	0	0	0	11.9939	0.163	0.163	A.QEGIEPQ.R	random_seq_5928
reverse_000816_3_1	-1	3.78419	0.0947808	0.0789924	1.9888	410	0.416667	1201.25	10	0	0	1	1	1	6	11.9581	0.599667	0.599667	R.KRGKGKGRRR.I	random_seq_4356
reverse_000844_2_1	-1	0	0.130719	0.125413	1.696	291.8	0.75	975.87	9	0	1	0	0	1	0	12.0441	-0.553	0.553	A.ESPESSANR.K	random_seq_3157
reverse_000844_3_1	-1	2.89037	0.0697456	0.0659851	1.7019	229.2	0.346154	1463.3	14	0	0	1	0	0	0	11.9675	0.905667	0.905667	Q.HTYDLSPPLSTSAA.A	random_seq_4720
reverse_000851_2_1	-1	2.30259	0.028124	0.018927	1.5005	296.1	0.6875	932.27	9	0	1	0	0	1	1	12.0621	-0.3695	0.3695	E.RSEGPSTAK.R	random_seq_1146
reverse_000851_3_1	-1	5.61677	0.1555	0.127341	2.0881	211.3	0.307692	1397.9	14	0	0	1	0	0	1	11.9276	-0.867	0.867	Q.SSAADLMKSTSTNS.N	random_seq_5488
reverse_000860_2_1	-1	3.3322	0.0468087	0.02686	1.9099	399.1	0.75	917.93	9	0	1	0	0	0	1	12.0616	-0.5045	0.5045	N.SSGASREQP.P	random_seq_1004
reverse_000860_3_1	-1	3.63759	0.0867366	0.0844371	2.1744	258.6	0.321429	1376.39	15	0	0	1	0	1	1	11.9798	0.316333	0.316333	V.VRDSAGGADGLSGGR.A	random_seq_898
